Amazon (Amazon Instant Video), 5130, 1685, 37126, 0.4294977470051654, 5, 123, 7.237037037037037, 5, 455, 22.033234421364984, 3.9367172703191735, 0.4835174599044588, -2.3670391099835904, 0.22098750179966764, 0.5627369180225539
Amazon (Apps for Android), 87271, 13209, 752937, 0.06531587462386522, 5, 565, 8.627573879066356, 5, 6282, 57.001816942993415, 6.061739892563851, 0.8200000122054742, -3.1849812532781416, 0.28917440836806974, 0.7388814214034938
Amazon (Automotive), 2928, 1835, 20473, 0.38104331382796564, 5, 51, 6.992144808743169, 5, 169, 11.156948228882834, 3.7302071409744624, 0.2029350037982461, -2.4190256545414446, 0.1945734989218869, 0.378379271407679
Amazon (Baby), 19445, 7050, 160792, 0.11729172479570493, 5, 125, 8.269066598097197, 5, 780, 22.807375886524824, 5.136997064474877, 0.44061883049207984, -2.9307326272905843, 0.2626135707441829, 0.5487690385859038
Amazon (Beauty), 22363, 12101, 198502, 0.07335227064174271, 5, 204, 8.876358270357287, 5, 431, 16.403768283612923, 5.432351324735593, 0.2667088028569343, -3.1345864378954613, 0.310401467986094, 0.49856838478758203
Amazon (Books), 603668, 367982, 8898041, 0.004005619311926973, 5, 23222, 14.739958056415116, 5, 7440, 24.180641987923323, 8.346624730319286, 0.21497157934107905, -4.397330327779733, 0.5131623382506835, 0.5995147118414772
Amazon (CDs & Vinyl), 75258, 64443, 1097592, 0.022631456790394532, 5, 3583, 14.584389699433947, 5, 1026, 17.031981751315115, 6.685728422481578, 0.06737692282586341, -3.6452874895421132, 0.5118338061870094, 0.5110671480352422
Amazon (Cell Phones & Accessories), 27879, 10429, 194439, 0.06687495757310012, 5, 152, 6.9743893252986116, 5, 837, 18.644069421804584, 5.463519859327542, 0.42703452441172335, -3.1747364804963127, 0.20207745222482143, 0.5323347242464058
Amazon (Clothing Shoes & Jewelry), 39387, 23033, 278677, 0.03071833809100676, 5, 136, 7.075354812501587, 5, 441, 12.099031823904832, 5.957703410641538, 0.23300239545184181, -3.5126022839995406, 0.20038952846903402, 0.4050869535299225
Amazon (Digital Music), 5541, 3568, 64706, 0.3272891118227514, 5, 578, 11.677675509835769, 5, 272, 18.135089686098656, 4.29601299586399, 0.19116330445581842, -2.485068442458425, 0.4255922323309105, 0.48421502271407013
Amazon (Electronics), 192403, 63001, 1689188, 0.013935376448339807, 5, 431, 8.779426516218562, 5, 4915, 26.81208234789924, 7.083559282354558, 0.48486439643040496, -3.8558812948209003, 0.29900285556218775, 0.6197218198938244
Amazon (Grocery & Gourmet Food), 14681, 8713, 151254, 0.11824519884614812, 5, 204, 10.302704175464887, 5, 742, 17.359577642603007, 5.1069233526993125, 0.22658792463116267, -2.9272164840527757, 0.36771996633503756, 0.5470134809553983
Amazon (Health & Personal Care), 38609, 18534, 346355, 0.04840204929040378, 5, 292, 8.970835815483436, 5, 1089, 18.687547210531996, 5.854657711925147, 0.31871939455495796, -3.3151362504077944, 0.32252351896474263, 0.5207178290624372
Amazon (Home & Kitchen), 66519, 28237, 551682, 0.02937139329503578, 5, 277, 8.293600324719254, 5, 1064, 19.53755710592485, 6.27376426554753, 0.37212715788819317, -3.5320754512983314, 0.27817380810351755, 0.5304508121617619
Amazon (Kindle Store), 68223, 61934, 982619, 0.023255475011485758, 5, 1173, 14.40304589361359, 5, 1113, 15.86558271708593, 6.6258599426863105, 0.04200168314097123, -3.6334747852532936, 0.48463259767335953, 0.4637429247194096
Amazon (Movies & TV), 123960, 50052, 1697533, 0.027359945140758034, 5, 2368, 13.694199741852211, 5, 2213, 33.91538799648366, 6.792703003460701, 0.39386013167378925, -3.562884777751993, 0.49954969370122604, 0.6411032212705239
Amazon (Musical Instruments), 1429, 900, 10261, 0.7978384262499028, 5, 42, 7.1805458362491255, 5, 163, 11.401111111111112, 3.109274738230295, 0.20078971935164533, -2.0980850506203037, 0.20799333207480564, 0.3870097016157966
Amazon (Office Products), 4905, 2420, 53258, 0.44867355793127267, 5, 94, 10.8579001019368, 5, 311, 22.007438016528926, 4.074454377696399, 0.30682364573553605, -2.3480695243669025, 0.3583027827662668, 0.5315727486139847
Amazon (Patio Lawn & Garden), 1686, 962, 13272, 0.8182833805609605, 5, 66, 7.871886120996441, 5, 296, 13.796257796257796, 3.2100326423265364, 0.24368249825091054, -2.087096269310232, 0.25186593362067766, 0.4350850360255305
Amazon (Pet Supplies), 19856, 8510, 157836, 0.09340814380578946, 5, 147, 7.949033037872684, 5, 520, 18.547121034077556, 5.227821324239242, 0.36796220407006675, -3.029615258076835, 0.25053398506536817, 0.5253059571129559
Amazon (Sports & Outdoors), 35598, 18357, 296337, 0.045348045456958995, 5, 296, 8.324540704533963, 5, 1042, 16.142997221768262, 5.815227306637409, 0.28762389080478623, -3.3434414266976047, 0.27165295977586146, 0.48964983779617355
Amazon (Tools & Home Improvement), 16638, 10217, 134476, 0.07910797527997544, 5, 142, 8.08246183435509, 5, 504, 13.161984927082313, 5.230424513342519, 0.21177772658049182, -3.1017797308450987, 0.2643439592516045, 0.4179329316285564
Amazon (Toys & Games), 19412, 11924, 167597, 0.07240590571801228, 5, 550, 8.633680197815783, 5, 309, 14.055434417980543, 5.364492250003841, 0.21164831528265474, -3.1402260095467343, 0.30328416222770893, 0.4358193604807399
Amazon (Video Games), 24303, 10672, 231780, 0.08936557520523777, 5, 773, 9.537094185902975, 5, 802, 21.718515742128936, 5.413905703464096, 0.35741407031914807, -3.0488297449356314, 0.3435704527817489, 0.5369845598002227
Amazon Fine Food, 5012, 17666, 175437, 0.1981398837288413, 5, 564, 35.00339185953711, 5, 230, 9.930770972489528, 4.947149288423, -0.5471271637787748, -2.7030280961932585, 0.6639599311436918, 0.3161024840211425
BookCrossing, 15798, 38094, 585584, 0.09730395994801087, 5, 7221, 37.06697050259527, 5, 1466, 15.37207959258676, 5.779458686947708, -0.38225446796828394, -3.0118694850289294, 0.7024153467814138, 0.49975490068540296
CiteULike-a, 5540, 15209, 200329, 0.2377570472357119, 5, 385, 36.16046931407942, 5, 428, 13.171740416858439, 4.925610424622379, -0.4385908951655194, -2.623866601497916, 0.47370774318260533, 0.35931320000295763
CiteULike-t, 3982, 6590, 82388, 0.3139621468078279, 5, 1020, 20.69010547463586, 5, 368, 12.501972685887708, 4.418986670285401, -0.2187841589026191, -2.5031227099632885, 0.5623536689180217, 0.41363697145000966
Epinions, 20397, 21901, 446892, 0.10003969043355651, 5, 611, 21.909692601853212, 5, 1869, 20.405095657732524, 5.650030241079408, -0.03089764929186117, -2.9998276608360395, 0.49886161956112596, 0.5650275617863232
FilmTrust, 1208, 406, 31671, 6.457565328026621, 5, 145, 26.21771523178808, 5, 989, 78.00738916256158, 2.6905929678623073, 0.4735409007079189, -1.1899311915877906, 0.377478944438033, 0.8122493570063902
Flixster, 69367, 25678, 8000204, 0.4491453982028464, 5, 24513, 115.33155535052691, 5, 22320, 311.5586883713685, 6.250714106959698, 0.43159171791599843, -2.3476130455996636, 0.7576639148623807, 0.8911433283199127
GoodReads (Comics), 100950, 59196, 4190598, 0.07012571730128749, 5, 5284, 41.511619613670135, 5, 22455, 70.79191161564971, 6.776398684789424, 0.23181396176989202, -3.154122683405689, 0.6606359467243229, 0.7574087714663481
Goodbooks, 53424, 10000, 5976479, 1.118688042827194, 19, 200, 111.86880428271938, 8, 22806, 597.6479, 5.727736401710295, 0.7277364017102955, -1.951291003880165, 0.12929660698786916, 0.6126309666091575
Gowalla, 48950, 47198, 2297266, 0.09943401888404318, 5, 1619, 46.9308682328907, 7, 5514, 48.67295224373914, 6.363676292074799, 0.015829100203514544, -3.002465007091452, 0.6027537628674433, 0.4112631818162258
HetRec2011-LastFM-2K, 1859, 2823, 71355, 1.3596719637756178, 5, 50, 38.383539537385694, 5, 610, 25.276301806588734, 3.719990267918818, -0.18143148837502077, -1.8665658574432349, 0.13706653767358878, 0.5995862863395189
HetRec2011-ML-2K, 2113, 8155, 850991, 4.93857330594553, 18, 3281, 402.74065309985804, 5, 1670, 104.35205395462906, 4.236323462428608, -0.5865244683239812, -1.3063984953769294, 0.5096843433426957, 0.683583291466798
Last.fm 1K, 988, 25620, 683868, 2.701694336724535, 5, 6043, 692.1740890688259, 5, 710, 26.692740046838406, 4.403336069996295, -1.4138221808210394, -1.568363787580073, 0.4728347459930875, 0.6132825648586446
Last.fm 360K, 358592, 87627, 17171606, 0.054647761283757056, 5, 163, 47.88619378011779, 5, 77252, 195.9625001426501, 7.497238539883248, 0.6119626530196633, -3.2624276247851944, 0.08899034898061942, 0.869990189806729
ML-100K, 943, 1349, 99287, 7.804925214624242, 19, 648, 105.28844114528101, 5, 583, 73.6004447739066, 3.1045236424092324, -0.15550025693457592, -1.1076312539124697, 0.4698641782007408, 0.5493002142311719
ML-10M, 69878, 10196, 9998816, 1.403389695234235, 18, 7240, 143.0896133260826, 5, 34864, 980.6606512357787, 5.852770293208384, 0.8359106396139244, -1.8528217167193735, 0.5706551570301153, 0.7962100724690107
ML-1M, 6040, 3416, 999611, 4.84480415496999, 18, 2277, 165.49850993377484, 5, 3428, 292.6261709601874, 4.314554800638099, 0.24751907660416433, -1.3147237740590212, 0.5285289589635138, 0.6032715344940531
ML-20M, 138493, 18345, 19984024, 0.7865700457998398, 16, 8540, 144.2962749019806, 5, 67310, 1089.344453529572, 6.404945539036112, 0.8779101068521789, -2.1042625964357304, 0.580433980942545, 0.8602336864576883
Meetup (NYC), 13949, 14007, 207512, 0.10620745770412317, 5, 570, 14.876478600616531, 5, 172, 14.814878275148141, 5.290888202923256, -0.001802054377680368, -2.973844986775898, 0.45156226470678873, 0.4262911053134393
Million Song Dataset, 659313, 38473, 34501736, 0.13601702016901476, 5, 1341, 52.329828169625046, 197, 83620, 896.7778961869363, 7.404247691531963, 1.2339355865218116, -2.8664067438136844, 0.42110720718672234, 0.54527002346928
Million Song Dataset (Taste Profile Subset), 211830, 22781, 13964169, 0.2893708939253556, 20, 1004, 65.92158334513525, 36, 34169, 612.9743646020806, 6.68356025026612, 0.9684146821627642, -2.538545154085357, 0.37293438920672073, 0.6033361020713909
Netflix, 472987, 17769, 100461928, 1.1953341215312354, 5, 17653, 212.39892005488522, 5, 232911, 5653.775001406944, 6.92451219172241, 1.4251862170011982, -1.922510683121591, 0.5982588209175831, 0.8381369448230396
Pinterest, 55187, 9643, 1500137, 0.2818914930325577, 5, 137, 27.18279667312954, 5, 1700, 155.56745825987764, 5.72604895294741, 0.7576246194245426, -2.5499180301403324, 0.13995429356303546, 0.43709521343601143
Yahoo! R1, 1539120, 38804, 114358083, 0.1914775619576724, 5, 38746, 74.3009531420552, 5, 762221, 2947.0694516029275, 7.776148977542344, 1.5983959857153462, -2.7178821109324662, 0.6119375704201065, 0.9499823428028037
Yahoo! R2, 200000, 136736, 78344627, 0.2864813472677276, 30, 71019, 391.723135, 77, 37198, 572.9626945354552, 7.436912866801084, 0.16514712452687869, -2.542903649586338, 0.6608146856751858, 0.6122442659225582
Yahoo! R4, 7620, 3783, 207773, 0.7207718186693752, 5, 1450, 27.266797900262468, 5, 4294, 54.9228125826064, 4.459791312632345, 0.3041186300468564, -2.142202202100643, 0.43685051046137147, 0.738120400426026
Yelp, 319725, 121109, 4910338, 0.012681142223243022, 5, 3526, 15.358004535147392, 5, 5006, 40.54478197326375, 7.587953014203365, 0.4216001778742991, -3.896841626666422, 0.49540681600766556, 0.6598704979254031
