242
302
377
51
346
474
265
465
451
86
257
1014
222
40
29
785
387
274
1042
1184
392
486
144
118
1
546
95
768
277
234
246
98
193
88
194
1081
603
796
32
16
304
979
564
327
201
1137
241
4
332
100
432
322
181
196
679
384
143
423
515
20
288
219
526
919
26
232
427
512
15
1049
416
165
690
248
1444
5
229
237
480
54
366
518
403
111
625
338
25
1016
154
275
1153
498
382
209
23
294
208
685
328
496
132
174
96
151
307
648
21
832
514
789
485
317
195
200
385
750
264
245
135
1147
471
658
140
379
815
479
368
1211
1134
836
272
756
787
14
955
419
405
504
466
268
117
273
559
794
323
177
231
2
137
1336
164
281
1240
298
443
1035
79
258
455
755
673
172
1217
719
1267
930
216
1079
452
61
48
360
77
476
483
748
220
255
280
202
408
235
228
1098
347
178
478
688
10
127
106
69
944
790
1091
214
1028
554
109
171
318
568
842
65
591
401
339
746
68
7
1018
218
623
334
344
145
56
89
141
576
133
153
813
872
146
507
367
468
595
11
520
82
501
3
695
198
189
767
705
64
357
484
508
303
215
749
829
204
1295
33
160
321
343
227
191
903
183
724
430
1197
134
751
212
256
662
984
1067
410
879
271
1086
649
951
197
678
199
709
169
597
1393
333
1115
577
378
425
959
1224
1017
175
286
558
66
206
402
640
522
62
12
291
462
612
758
845
163
1451
250
823
186
731
71
781
176
1181
78
436
631
716
188
699
604
97
173
460
715
17
315
505
279
80
238
60
325
407
531
587
892
1047
47
217
259
596
960
211
938
1060
404
305
210
278
770
252
156
1110
350
431
475
182
50
365
187
289
185
712
94
742
762
732
168
550
849
406
150
869
184
371
720
873
381
922
57
306
370
249
721
611
142
943
126
824
8
58
680
741
1061
448
900
941
905
55
744
642
1015
121
301
81
284
740
22
864
1099
961
812
240
376
931
717
399
1039
1114
292
561
901
70
417
809
540
293
497
1462
1246
655
13
588
409
739
661
665
692
439
632
1198
609
225
128
866
295
49
707
586
593
147
1220
492
620
161
1070
449
948
509
870
39
1100
820
660
1022
120
780
44
686
28
729
52
230
506
566
774
1003
433
99
1288
190
1010
877
487
1052
287
659
927
696
269
179
440
806
572
654
324
736
92
461
129
9
152
233
589
203
1034
923
463
122
310
285
447
412
1428
977
1065
421
937
583
110
251
831
543
926
155
53
393
91
477
472
761
1286
93
644
982
491
511
397
162
513
375
38
418
131
87
725
72
663
1133
125
1248
354
105
73
239
860
1046
1178
523
634
1245
974
619
107
213
319
963
875
180
1033
380
59
1078
585
148
683
454
737
524
995
616
945
299
792
708
950
27
747
85
516
1063
682
221
1150
847
138
517
283
602
573
617
569
703
386
331
355
949
488
114
24
763
43
953
670
510
372
335
779
435
223
835
263
450
651
316
929
580
1041
424
429
868
1161
166
1162
1019
908
1160
676
1012
1209
693
282
253
428
363
300
1346
1119
674
411
527
1397
807
657
1142
113
426
1109
116
898
723
243
582
778
308
1007
641
1165
764
1011
1101
396
904
312
1048
627
571
552
1278
499
1057
207
309
671
83
482
276
1094
647
578
1021
886
1151
855
942
826
1044
254
290
848
542
581
1229
718
337
1107
539
821
364
553
313
1218
115
1129
493
36
205
102
1249
773
494
192
687
772
921
42
469
874
1216
1139
547
157
1208
1157
808
906
535
470
714
939
738
525
340
1037
530
528
754
771
226
1383
745
1316
846
605
575
1284
1298
529
743
840
244
760
1006
1228
1095
34
103
441
90
1005
863
473
1281
356
630
793
766
1206
980
1263
1376
1182
457
710
615
101
697
1199
395
983
684
971
1116
267
556
853
311
1073
975
361
704
997
260
990
969
167
650
320
63
965
652
1059
882
1164
1207
786
614
810
1222
139
769
765
67
624
1001
797
883
752
1315
560
345
1194
464
932
1179
536
369
1250
880
629
775
1289
544
170
1518
413
618
326
123
628
262
31
1180
414
490
453
149
827
124
570
843
844
420
590
1230
1324
895
1149
567
606
816
672
584
521
728
689
329
859
456
791
159
489
1266
1416
988
636
1411
533
1394
819
495
1093
30
314
958
841
702
1020
947
1000
104
1322
622
481
532
915
502
1291
330
802
37
1025
266
727
828
548
1132
993
136
996
562
653
74
45
867
876
158
1183
1118
500
610
887
1299
918
41
1066
336
1117
1169
1262
348
270
1053
374
621
607
1030
700
297
925
928
394
549
999
1471
341
1009
391
467
811
805
519
1036
84
894
574
1113
638
1314
1131
1069
1084
1407
878
1242
359
579
884
691
954
261
1112
1090
445
108
635
1135
76
1082
1215
1328
1013
1170
1265
735
352
833
722
434
801
224
358
966
675
991
633
1102
1163
1413
924
976
825
389
978
444
362
1442
1419
1241
613
656
734
946
1172
1108
1074
1187
856
1212
1105
6
964
1043
398
694
1072
1141
733
1051
1478
19
1210
962
1203
563
1097
458
871
1062
608
1283
557
936
551
782
1225
1050
986
1188
1272
1268
415
646
902
555
383
1239
1277
681
934
972
1152
645
664
795
940
783
373
713
1126
342
1127
1503
818
896
351
1004
1008
1226
639
422
1002
1495
1401
1040
1312
537
1487
1192
1136
1227
865
1128
1032
1071
503
1253
1378
753
1124
1270
1089
1190
1459
1202
637
390
349
538
601
698
1386
1168
1023
437
1276
933
1077
968
1120
1221
956
353
1244
759
1024
1425
1409
1254
112
1232
888
1213
1258
854
236
834
1083
1368
889
1466
893
776
1282
952
1054
46
1480
1297
1167
1300
1446
1143
1294
1489
800
1088
989
1085
1473
1303
881
1529
1175
594
18
1274
970
1479
541
1367
388
837
1296
565
1045
1166
1427
1385
862
967
1087
1449
592
890
998
985
1231
885
669
1438
1068
1219
667
545
1140
726
1056
1524
247
1285
1058
1247
35
1527
916
1301
1148
1388
1353
1530
803
1313
1405
459
1469
1404
994
1076
1271
1177
1092
1302
701
706
914
130
1195
1273
1396
75
534
1379
1279
1439
1193
804
668
1075
1434
1176
1456
1534
1531
400
1421
1555
730
1454
1441
1103
1174
1344
798
1392
1517
1264
1470
1406
935
891
1121
1252
1029
912
1200
1305
1400
1375
1501
1435
1395
1333
1591
1269
909
1154
1237
1038
1214
1522
1238
296
1280
1138
1512
1287
1483
1031
917
920
1111
1412
1185
1337
1592
1399
1173
1159
1468
1355
1437
1204
1426
1311
1326
1496
981
899
1598
1514
1558
1415
438
1597
446
1205
1255
1431
666
1540
1243
1511
1381
1055
1440
1171
1620
1474
1145
799
1615
1475
1234
1335
1251
1233
1380
1509
